12
(2.000000, 0.000000, 0.000000) (-0.019900, 0.999000, 0.039900) (0.000155, 0.499436) 
(2.000000, 0.079852, -2.000000) (-0.019900, 0.999000, 0.039900) (0.000102, 0.000323) 
(-2.000000, 0.000000, -2.000000) (-0.019900, 0.999000, 0.039900) (0.999300, 0.000000) 
(-2.000000, 0.000000, 2.000000) (-0.057200, 0.991800, -0.114400) (0.999300, 0.998973) 
(2.000000, 0.230700, 2.000000) (-0.057200, 0.991800, -0.114400) (0.000000, 1.000000) 
(2.000000, 0.000000, 0.000000) (-0.057200, 0.991800, -0.114400) (0.000155, 0.499436) 
(-2.000000, 0.133153, 0.000000) (0.033200, 0.997200, 0.066400) (0.999210, 0.500108) 
(-2.000000, 0.000000, 2.000000) (0.033200, 0.997200, 0.066400) (0.999300, 0.998973) 
(2.000000, 0.000000, 0.000000) (0.033200, 0.997200, 0.066400) (0.000155, 0.499436) 
(-2.000000, 0.133153, 0.000000) (0.033200, 0.997200, -0.066400) (0.999210, 0.500108) 
(2.000000, 0.000000, 0.000000) (0.033200, 0.997200, -0.066400) (0.000155, 0.499436) 
(-2.000000, 0.000000, -2.000000) (0.033200, 0.997200, -0.066400) (0.999300, 0.000000) 
